{
  "accuracy": 0.5903796376186368,
  "intent_accuracy": 0.9877049180327869,
  "slot_recall": 0.8786676079169617,
  "slot_precision": 0.6644916594765605,
  "slot_f1": 0.6027045574500386,
  "parsing_accuracy": 0.6356773080241588
}
