{
  "accuracy": 0.8716566005176877,
  "intent_accuracy": 0.9826358930112166,
  "slot_recall": 0.9711779720974067,
  "slot_precision": 0.6611811718503909,
  "slot_f1": 0.6618346381434828,
  "parsing_accuracy": 0.9998921484037964
}
