{
  "accuracy": 0.8680974978429681,
  "intent_accuracy": 0.9826358930112166,
  "slot_recall": 0.9697806597342834,
  "slot_precision": 0.6606206003396472,
  "slot_f1": 0.6607407576329039,
  "parsing_accuracy": 0.9998921484037964
}
